#' Advent of Code 2021 solutions
#' @export
aoc_solutions <- list(
  day01a = 1301,
  day01b = 1346,
  day02a = 1427868,
  day02b = 1568138742,
  day03a = 3374136,
  day03b = 4432698,
  day04a = 6592,
  day04b = 31755,
  day05a = 5145,
  day05b = 16518,
  day06a = 361169,
  day06b = 1634946868992,
  day07a = 343605,
  day07b = 96744904,
  day08a = 381,
  day08b = 1023686,
  day09a = 506,
  day09b = 931200,
  day10a = 339537,
  day10b = 2412013412,
  day11a = 1649,
  day11b = 256,
  day12a = 3713,
  day12b = 91292,
  day13a = 775,
  day13b = "REUPUPKR",
  day14a = 2712,
  day14b = 8336623059567,
  day15a = 592,
  day15b = 2897,
  day16a = 843,
  day16b = NA,
  day17a = NA,
  day17b = NA,
  day18a = 4116,
  day18b = 4638,
  day19a = 403,
  day19b = 10569,
  day20a = NA,
  day20b = NA,
  day21a = NA,
  day21b = NA,
  day22a = NA,
  day22b = NA,
  day23a = NA,
  day23b = NA,
  day24a = NA,
  day24b = NA,
  day25a = NA,
  day25b = NA
)
