#' Advent of Code 2021 solutions
#' @export
aoc_solutions <- list(
  day01a = 1301,
  day01b = 1346,
  day02a = 1427868,
  day02b = 1568138742,
  day03a = 3374136,
  day03b = 4432698,
  day04a = 6592,
  day04b = 31755,
  day05a = 5145,
  day05b = 16518,
  day06a = 361169,
  day06b = 1634946868992,
  day07a = 343605,
  day07b = 96744904,
  day08a = 381,
  day08b = 1023686,
  day09a = 506,
  day09b = 931200,
  day10a = NA,
  day10b = NA,
  day11a = NA,
  day11b = NA,
  day12a = NA,
  day12b = NA,
  day13a = NA,
  day13b = NA,
  day14a = NA,
  day14b = NA,
  day15a = NA,
  day15b = NA,
  day16a = NA,
  day16b = NA,
  day17a = NA,
  day17b = NA,
  day18a = NA,
  day18b = NA,
  day19a = NA,
  day19b = NA,
  day20a = NA,
  day20b = NA,
  day21a = NA,
  day21b = NA,
  day22a = NA,
  day22b = NA,
  day23a = NA,
  day23b = NA,
  day24a = NA,
  day24b = NA,
  day25a = NA,
  day25b = NA
)
